Alabama: 0.32413793103448274
Alaska: 0.9787234042553191
Arizona: 0.8071428571428572
Arkansas: 0.48484848484848486
California: 0.6606060606060606
Colorado: 0.5135135135135135
Connecticut: 0.49242424242424243
Delaware: 0.5581395348837209
Florida: 0.7533333333333333
Georgia: 0.4148148148148148
Hawaii: 0.9722222222222222
Idaho: 0.581081081081081
Illinois: 0.38524590163934425
Indiana: 0.3969465648854962
Iowa: 0.45454545454545453
Kansas: 0.39285714285714285
Kentucky: 0.3769230769230769
Louisiana: 0.5234375
Maine: 0.6666666666666666
Maryland: 0.5034965034965035
Massachusetts: 0.45
Michigan: 0.4855072463768116
Minnesota: 0.5153846153846153
Mississippi: 0.574468085106383
Missouri: 0.30120481927710846
Montana: 0.6226415094339622
Nebraska: 0.5394736842105263
Nevada: 0.7941176470588235
New Hampshire: 0.6180555555555556
New Jersey: 0.4765625
New Mexico: 0.6959459459459459
New York: 0.2962962962962963
North Carolina: 0.41304347826086957
North Dakota: 0.6619718309859155
Ohio: 0.2746478873239437
Oklahoma: 0.6171875
Oregon: 0.7051282051282052
Pennsylvania: 0.30344827586206896
Rhode Island: 0.6159420289855072
South Carolina: 0.3880597014925373
South Dakota: 0.5827814569536424
Tennessee: 0.4460431654676259
Texas: 0.4482758620689655
Utah: 0.5514705882352942
Vermont: 0.6330275229357798
Virginia: 0.30303030303030304
Washington: 0.6013986013986014
West Virginia: 0.5592105263157895
Wisconsin: 0.49242424242424243
Wyoming: 0.732824427480916
